        antecedents     consequents  antecedent support  consequent support   support  confidence      lift  representativity  leverage  conviction  zhangs_metric   jaccard  certainty  kulczynski
0              (x1)            (x3)            0.429885            0.581609  0.347126    0.807487  1.388366               1.0  0.097101    2.173308       0.490654  0.522491   0.539872    0.702162
1              (x1)            (x7)            0.429885            0.549425  0.321839    0.748663  1.362629               1.0  0.085649    1.792712       0.466791  0.489510   0.442186    0.667219
2              (x1)            (x8)            0.429885            0.556322  0.335632    0.780749  1.403412               1.0  0.096478    2.023605       0.504198  0.515901   0.505832    0.692027
3              (x8)            (x1)            0.556322            0.429885  0.335632    0.603306  1.403412               1.0  0.096478    1.437165       0.647881  0.515901   0.304186    0.692027
4              (x2)            (x6)            0.448276            0.625287  0.314943    0.702564  1.123586               1.0  0.034641    1.259810       0.199361  0.415152   0.206229    0.603120
5              (x7)            (x3)            0.549425            0.581609  0.462069    0.841004  1.445995               1.0  0.142518    2.631458       0.684537  0.690722   0.619983    0.817735
6              (x3)            (x7)            0.581609            0.549425  0.462069    0.794466  1.445995               1.0  0.142518    2.192219       0.737193  0.690722   0.543841    0.817735
7              (x8)            (x3)            0.556322            0.581609  0.494253    0.888430  1.527537               1.0  0.170691    3.750021       0.778383  0.767857   0.733335    0.869116
8              (x3)            (x8)            0.581609            0.556322  0.494253    0.849802  1.527537               1.0  0.170691    2.953962       0.825428  0.767857   0.661472    0.869116
9              (x9)            (x3)            0.475862            0.581609  0.413793    0.869565  1.495102               1.0  0.137027    3.207663       0.631798  0.642857   0.688247    0.790514
10             (x3)            (x9)            0.581609            0.475862  0.413793    0.711462  1.495102               1.0  0.137027    1.816533       0.791484  0.642857   0.449501    0.790514
11            (x15)            (x3)            0.400000            0.581609  0.347126    0.867816  1.492095               1.0  0.114483    3.165217       0.549669  0.547101   0.684066    0.732327
12            (x16)            (x3)            0.618391            0.581609  0.397701    0.643123  1.105764               1.0  0.038039    1.172366       0.250644  0.495702   0.147024    0.663459
13             (x3)           (x16)            0.581609            0.618391  0.397701    0.683794  1.105764               1.0  0.038039    1.206839       0.228610  0.495702   0.171389    0.663459
14             (x5)            (x4)            0.487356            0.406897  0.386207    0.792453  1.947554               1.0  0.187903    2.857680       0.949071  0.760181   0.650066    0.870803
15             (x4)            (x5)            0.406897            0.487356  0.386207    0.949153  1.947554               1.0  0.187903   10.081992       0.820321  0.760181   0.900813    0.870803
16             (x4)            (x6)            0.406897            0.625287  0.367816    0.903955  1.445663               1.0  0.113389    3.901420       0.519767  0.553633   0.743683    0.746095
17            (x12)            (x4)            0.393103            0.406897  0.324138    0.824561  2.026464               1.0  0.164185    3.380690       0.834623  0.681159   0.704202    0.810586
18             (x4)           (x12)            0.406897            0.393103  0.324138    0.796610  2.026464               1.0  0.164185    2.983908       0.854033  0.681159   0.664869    0.810586
19            (x13)            (x4)            0.480460            0.406897  0.333333    0.693780  1.705052               1.0  0.137836    1.936853       0.795911  0.601660   0.483699    0.756494
20             (x4)           (x13)            0.406897            0.480460  0.333333    0.819209  1.705052               1.0  0.137836    2.873707       0.697193  0.601660   0.652017    0.756494
21             (x4)           (x14)            0.406897            0.570115  0.386207    0.949153  1.664844               1.0  0.154229    8.454406       0.673311  0.653696   0.881718    0.813286
22            (x14)            (x4)            0.570115            0.406897  0.386207    0.677419  1.664844               1.0  0.154229    1.838621       0.928953  0.653696   0.456114    0.813286
23             (x5)            (x6)            0.487356            0.625287  0.452874    0.929245  1.486109               1.0  0.148136    5.295939       0.638069  0.686411   0.811176    0.826755
24             (x6)            (x5)            0.625287            0.487356  0.452874    0.724265  1.486109               1.0  0.148136    1.859188       0.872941  0.686411   0.462131    0.826755
25            (x12)            (x5)            0.393103            0.487356  0.342529    0.871345  1.787901               1.0  0.150947    3.984639       0.726129  0.636752   0.749036    0.787088
26             (x5)           (x12)            0.487356            0.393103  0.342529    0.702830  1.787901               1.0  0.150947    2.042255       0.859632  0.636752   0.510345    0.787088
27            (x13)            (x5)            0.480460            0.487356  0.390805    0.813397  1.668999               1.0  0.156649    2.747244       0.771525  0.677291   0.635999    0.807642
28             (x5)           (x13)            0.487356            0.480460  0.390805    0.801887  1.668999               1.0  0.156649    2.622441       0.781905  0.677291   0.618676    0.807642
29             (x5)           (x14)            0.487356            0.570115  0.445977    0.915094  1.605105               1.0  0.168128    5.063091       0.735380  0.729323   0.802492    0.848676
30            (x14)            (x5)            0.570115            0.487356  0.445977    0.782258  1.605105               1.0  0.168128    2.354364       0.876950  0.729323   0.575257    0.848676
31            (x10)            (x6)            0.496552            0.625287  0.335632    0.675926  1.080984               1.0  0.025145    1.156256       0.148808  0.426901   0.135140    0.606345
32            (x12)            (x6)            0.393103            0.625287  0.365517    0.929825  1.487036               1.0  0.119715    5.339655       0.539666  0.559859   0.812722    0.757192
33            (x13)            (x6)            0.480460            0.625287  0.427586    0.889952  1.423269               1.0  0.127161    3.404998       0.572414  0.630508   0.706314    0.786888
34             (x6)           (x13)            0.625287            0.480460  0.427586    0.683824  1.423269               1.0  0.127161    1.643197       0.793654  0.630508   0.391430    0.786888
35             (x6)           (x14)            0.625287            0.570115  0.491954    0.786765  1.380011               1.0  0.135468    2.016013       0.734878  0.699346   0.503971    0.824834
36            (x14)            (x6)            0.570115            0.625287  0.491954    0.862903  1.380011               1.0  0.135468    2.733198       0.640562  0.699346   0.634128    0.824834
37             (x7)            (x8)            0.549425            0.556322  0.482759    0.878661  1.579411               1.0  0.177101    3.656520       0.814189  0.774908   0.726516    0.873215
38             (x8)            (x7)            0.556322            0.549425  0.482759    0.867769  1.579411               1.0  0.177101    3.407471       0.826844  0.774908   0.706527    0.873215
39             (x9)            (x7)            0.475862            0.549425  0.418391    0.879227  1.600267               1.0  0.156940    3.730759       0.715659  0.689394   0.731958    0.820367
40             (x7)            (x9)            0.549425            0.475862  0.418391    0.761506  1.600267               1.0  0.156940    2.197701       0.832502  0.689394   0.544979    0.820367
41             (x7)           (x15)            0.549425            0.400000  0.333333    0.606695  1.516736               1.0  0.113563    1.525532       0.756122  0.541045   0.344491    0.720014
42            (x15)            (x7)            0.400000            0.549425  0.333333    0.833333  1.516736               1.0  0.113563    2.703448       0.567816  0.541045   0.630102    0.720014
43            (x16)            (x7)            0.618391            0.549425  0.395402    0.639405  1.163771               1.0  0.055643    1.249532       0.368766  0.511905   0.199700    0.679535
44             (x7)           (x16)            0.549425            0.618391  0.395402    0.719665  1.163771               1.0  0.055643    1.361263       0.312322  0.511905   0.265388    0.679535
45             (x9)            (x8)            0.475862            0.556322  0.441379    0.927536  1.667266               1.0  0.176647    6.122759       0.763569  0.747082   0.836675    0.860462
46             (x8)            (x9)            0.556322            0.475862  0.441379    0.793388  1.667266               1.0  0.176647    2.536828       0.902040  0.747082   0.605807    0.860462
47            (x15)            (x8)            0.400000            0.556322  0.347126    0.867816  1.559917               1.0  0.124598    3.356522       0.598234  0.569811   0.702073    0.745892
48             (x8)           (x15)            0.556322            0.400000  0.347126    0.623967  1.559917               1.0  0.124598    1.595604       0.809011  0.569811   0.373278    0.745892
49            (x16)            (x8)            0.618391            0.556322  0.386207    0.624535  1.122615               1.0  0.042183    1.181677       0.286216  0.489796   0.153745    0.659375
50             (x8)           (x16)            0.556322            0.618391  0.386207    0.694215  1.122615               1.0  0.042183    1.247965       0.246176  0.489796   0.198696    0.659375
51             (x9)           (x16)            0.475862            0.618391  0.340230    0.714976  1.156188               1.0  0.045961    1.338866       0.257735  0.451220   0.253099    0.632581
52            (x10)           (x14)            0.496552            0.570115  0.314943    0.634259  1.112511               1.0  0.031851    1.175382       0.200880  0.418960   0.149213    0.593339
53            (x10)           (x16)            0.496552            0.618391  0.344828    0.694444  1.122986               1.0  0.037765    1.248903       0.217534  0.447761   0.199297    0.626033
54            (x12)           (x13)            0.393103            0.480460  0.319540    0.812865  1.691849               1.0  0.130670    2.776293       0.673806  0.576763   0.639807    0.738969
55            (x13)           (x12)            0.480460            0.393103  0.319540    0.665072  1.691849               1.0  0.130670    1.812020       0.787101  0.576763   0.448130    0.738969
56            (x12)           (x14)            0.393103            0.570115  0.363218    0.923977  1.620685               1.0  0.139104    5.654642       0.631041  0.605364   0.823154    0.780537
57            (x14)           (x12)            0.570115            0.393103  0.363218    0.637097  1.620685               1.0  0.139104    1.672337       0.890882  0.605364   0.402034    0.780537
58            (x13)           (x14)            0.480460            0.570115  0.406897    0.846890  1.485472               1.0  0.132979    2.807687       0.629044  0.632143   0.643835    0.780300
59            (x14)           (x13)            0.570115            0.480460  0.406897    0.713710  1.485472               1.0  0.132979    1.814732       0.760234  0.632143   0.448954    0.780300
60         (x1, x8)            (x3)            0.335632            0.581609  0.314943    0.938356  1.613379               1.0  0.119736    6.787229       0.572248  0.522901   0.852664    0.739929
61         (x3, x8)            (x1)            0.494253            0.429885  0.314943    0.637209  1.482278               1.0  0.102471    1.571471       0.643331  0.516981   0.363653    0.684915
62         (x1, x3)            (x8)            0.347126            0.556322  0.314943    0.907285  1.630863               1.0  0.121829    4.785386       0.592500  0.535156   0.791030    0.736700
63             (x1)        (x3, x8)            0.429885            0.494253  0.314943    0.732620  1.482278               1.0  0.102471    1.891494       0.570697  0.516981   0.471317    0.684915
64         (x7, x8)            (x3)            0.482759            0.581609  0.429885    0.890476  1.531056               1.0  0.149108    3.820090       0.670588  0.677536   0.738226    0.814803
65         (x3, x8)            (x7)            0.494253            0.549425  0.429885    0.869767  1.583050               1.0  0.158330    3.459770       0.728245  0.700375   0.710963    0.826097
66         (x7, x3)            (x8)            0.462069            0.556322  0.429885    0.930348  1.672320               1.0  0.172826    6.369951       0.747360  0.730469   0.843013    0.851538
67             (x8)        (x7, x3)            0.556322            0.462069  0.429885    0.772727  1.672320               1.0  0.172826    2.366897       0.906126  0.730469   0.577506    0.851538
68             (x7)        (x3, x8)            0.549425            0.494253  0.429885    0.782427  1.583050               1.0  0.158330    2.324492       0.817418  0.700375   0.569798    0.826097
69             (x3)        (x7, x8)            0.581609            0.482759  0.429885    0.739130  1.531056               1.0  0.149108    1.982759       0.829024  0.677536   0.495652    0.814803
70         (x9, x7)            (x3)            0.418391            0.581609  0.370115    0.884615  1.520979               1.0  0.126775    3.626054       0.588933  0.587591   0.724218    0.760490
71         (x9, x3)            (x7)            0.413793            0.549425  0.370115    0.894444  1.627964               1.0  0.142767    4.268603       0.658020  0.624031   0.765731    0.784042
72         (x7, x3)            (x9)            0.462069            0.475862  0.370115    0.800995  1.683250               1.0  0.150234    2.633793       0.754579  0.651822   0.620319    0.789386
73             (x9)        (x7, x3)            0.475862            0.462069  0.370115    0.777778  1.683250               1.0  0.150234    2.420690       0.774436  0.651822   0.586895    0.789386
74             (x7)        (x9, x3)            0.549425            0.413793  0.370115    0.673640  1.627964               1.0  0.142767    1.796198       0.856097  0.624031   0.443269    0.784042
75             (x3)        (x9, x7)            0.581609            0.418391  0.370115    0.636364  1.520979               1.0  0.126775    1.599425       0.818681  0.587591   0.374775    0.760490
76        (x16, x7)            (x3)            0.395402            0.581609  0.321839    0.813953  1.399485               1.0  0.091869    2.248851       0.472135  0.491228   0.555328    0.683657
77        (x16, x3)            (x7)            0.397701            0.549425  0.321839    0.809249  1.472900               1.0  0.103332    2.362104       0.533070  0.514706   0.576649    0.697511
78         (x7, x3)           (x16)            0.462069            0.618391  0.321839    0.696517  1.126339               1.0  0.036100    1.257434       0.208516  0.424242   0.204729    0.608482
79         (x9, x8)            (x3)            0.441379            0.581609  0.393103    0.890625  1.531312               1.0  0.136393    3.825287       0.621110  0.624088   0.738582    0.783257
80         (x9, x3)            (x8)            0.413793            0.556322  0.393103    0.950000  1.707645               1.0  0.162901    8.873563       0.706914  0.681275   0.887306    0.828306
81         (x3, x8)            (x9)            0.494253            0.475862  0.393103    0.795349  1.671385               1.0  0.157907    2.561129       0.794258  0.681275   0.609547    0.810718
82             (x9)        (x3, x8)            0.475862            0.494253  0.393103    0.826087  1.671385               1.0  0.157907    2.908046       0.766390  0.681275   0.656126    0.810718
83             (x8)        (x9, x3)            0.556322            0.413793  0.393103    0.706612  1.707645               1.0  0.162901    1.998057       0.934006  0.681275   0.499514    0.828306
84             (x3)        (x9, x8)            0.581609            0.441379  0.393103    0.675889  1.531312               1.0  0.136393    1.723549       0.829285  0.624088   0.419802    0.783257
85        (x15, x8)            (x3)            0.347126            0.581609  0.317241    0.913907  1.571343               1.0  0.115349    4.859770       0.556925  0.518797   0.794229    0.729681
86         (x3, x8)           (x15)            0.494253            0.400000  0.317241    0.641860  1.604651               1.0  0.119540    1.675325       0.745059  0.549801   0.403101    0.717482
87        (x15, x3)            (x8)            0.347126            0.556322  0.317241    0.913907  1.642767               1.0  0.124127    5.153492       0.599306  0.541176   0.805957    0.742078
88            (x15)        (x3, x8)            0.400000            0.494253  0.317241    0.793103  1.604651               1.0  0.119540    2.444444       0.628019  0.549801   0.590909    0.717482
89        (x16, x8)            (x3)            0.386207            0.581609  0.342529    0.886905  1.524915               1.0  0.117907    3.699456       0.560817  0.547794   0.729690    0.737919
90        (x16, x3)            (x8)            0.397701            0.556322  0.342529    0.861272  1.548154               1.0  0.121279    3.198180       0.587863  0.560150   0.687322    0.738487
91         (x3, x8)           (x16)            0.494253            0.618391  0.342529    0.693023  1.120688               1.0  0.036887    1.243121       0.212935  0.444776   0.195573    0.623463
92             (x8)       (x16, x3)            0.556322            0.397701  0.342529    0.615702  1.548154               1.0  0.121279    1.567272       0.798032  0.560150   0.361949    0.738487
93         (x4, x5)            (x6)            0.386207            0.625287  0.358621    0.928571  1.485032               1.0  0.117130    5.245977       0.532123  0.549296   0.809378    0.751050
94         (x5, x6)            (x4)            0.452874            0.406897  0.358621    0.791878  1.946141               1.0  0.174348    2.849790       0.888575  0.715596   0.649097    0.836617
95         (x4, x6)            (x5)            0.367816            0.487356  0.358621    0.975000  2.000590               1.0  0.179363   20.505747       0.791142  0.722222   0.951233    0.855425
96             (x5)        (x4, x6)            0.487356            0.367816  0.358621    0.735849  2.000590               1.0  0.179363    2.393268       0.975624  0.722222   0.582161    0.855425
97             (x4)        (x5, x6)            0.406897            0.452874  0.358621    0.881356  1.946141               1.0  0.174348    4.611494       0.819693  0.715596   0.783151    0.836617
98        (x12, x5)            (x4)            0.342529            0.406897  0.317241    0.926174  2.276192               1.0  0.177868    8.033856       0.852767  0.734043   0.875527    0.852918
99         (x4, x5)           (x12)            0.386207            0.393103  0.317241    0.821429  2.089599               1.0  0.165422    3.398621       0.849536  0.686567   0.705763    0.814223
100       (x12, x4)            (x5)            0.324138            0.487356  0.317241    0.978723  2.008230               1.0  0.159271   24.094253       0.742828  0.641860   0.958496    0.814833
101            (x5)       (x12, x4)            0.487356            0.324138  0.317241    0.650943  2.008230               1.0  0.159271    1.936253       0.979333  0.641860   0.483539    0.814833
102           (x12)        (x4, x5)            0.393103            0.386207  0.317241    0.807018  2.089599               1.0  0.165422    3.180564       0.859190  0.686567   0.685590    0.814223
103            (x4)       (x12, x5)            0.406897            0.342529  0.317241    0.779661  2.276192               1.0  0.177868    2.983908       0.945315  0.734043   0.664869    0.852918
104       (x13, x5)            (x4)            0.390805            0.406897  0.324138    0.829412  2.038385               1.0  0.165121    3.476813       0.836210  0.684466   0.712380    0.813011
105        (x4, x5)           (x13)            0.386207            0.480460  0.324138    0.839286  1.746839               1.0  0.138581    3.232695       0.696550  0.597458   0.690661    0.756963
106       (x13, x4)            (x5)            0.333333            0.487356  0.324138    0.972414  1.995283               1.0  0.161686   18.583333       0.748227  0.652778   0.946188    0.818754
107            (x5)       (x13, x4)            0.487356            0.333333  0.324138    0.665094  1.995283               1.0  0.161686    1.990610       0.973031  0.652778   0.497642    0.818754
108           (x13)        (x4, x5)            0.480460            0.386207  0.324138    0.674641  1.746839               1.0  0.138581    1.886511       0.822915  0.597458   0.469921    0.756963
109            (x4)       (x13, x5)            0.406897            0.390805  0.324138    0.796610  2.038385               1.0  0.165121    2.995211       0.858898  0.684466   0.666134    0.813011
110        (x4, x5)           (x14)            0.386207            0.570115  0.367816    0.952381  1.670507               1.0  0.147634    9.027586       0.653933  0.625000   0.889228    0.798771
111       (x5, x14)            (x4)            0.445977            0.406897  0.367816    0.824742  2.026909               1.0  0.186350    3.384178       0.914471  0.758294   0.704507    0.864349
112       (x4, x14)            (x5)            0.386207            0.487356  0.367816    0.952381  1.954178               1.0  0.179596   10.765517       0.795506  0.727273   0.907111    0.853549
113            (x5)       (x4, x14)            0.487356            0.386207  0.367816    0.754717  1.954178               1.0  0.179596    2.502387       0.952466  0.727273   0.600382    0.853549
114            (x4)       (x5, x14)            0.406897            0.445977  0.367816    0.903955  2.026909               1.0  0.186350    5.768357       0.854215  0.758294   0.826640    0.864349
115           (x14)        (x4, x5)            0.570115            0.386207  0.367816    0.645161  1.670507               1.0  0.147634    1.729781       0.933690  0.625000   0.421892    0.798771
116       (x12, x4)            (x6)            0.324138            0.625287  0.305747    0.943262  1.508526               1.0  0.103068    6.604310       0.498772  0.475000   0.848584    0.716116
117       (x12, x6)            (x4)            0.365517            0.406897  0.305747    0.836478  2.055751               1.0  0.157019    3.627056       0.809415  0.655172   0.724294    0.793945
118        (x4, x6)           (x12)            0.367816            0.393103  0.305747    0.831250  2.114583               1.0  0.161157    3.596424       0.833766  0.671717   0.721946    0.804514
119           (x12)        (x4, x6)            0.393103            0.367816  0.305747    0.777778  2.114583               1.0  0.161157    2.844828       0.868506  0.671717   0.648485    0.804514
120            (x4)       (x12, x6)            0.406897            0.365517  0.305747    0.751412  2.055751               1.0  0.157019    2.552351       0.865886  0.655172   0.608204    0.793945
121       (x13, x4)            (x6)            0.333333            0.625287  0.312644    0.937931  1.500000               1.0  0.104215    6.037037       0.500000  0.483986   0.834356    0.718966
122       (x13, x6)            (x4)            0.427586            0.406897  0.312644    0.731183  1.796975               1.0  0.138660    2.206345       0.774805  0.599119   0.546762    0.749772
123        (x4, x6)           (x13)            0.367816            0.480460  0.312644    0.850000  1.769139               1.0  0.135923    3.463602       0.687701  0.583691   0.711283    0.750359
124           (x13)        (x4, x6)            0.480460            0.367816  0.312644    0.650718  1.769139               1.0  0.135923    1.809951       0.836804  0.583691   0.447499    0.750359
125            (x4)       (x13, x6)            0.406897            0.427586  0.312644    0.768362  1.796975               1.0  0.138660    2.471152       0.747777  0.599119   0.595330    0.749772
126        (x4, x6)           (x14)            0.367816            0.570115  0.347126    0.943750  1.655368               1.0  0.137429    7.642401       0.626249  0.587549   0.869151    0.776310
127       (x14, x6)            (x4)            0.491954            0.406897  0.347126    0.705607  1.734120               1.0  0.146952    2.014669       0.833268  0.629167   0.503641    0.779357
128       (x4, x14)            (x6)            0.386207            0.625287  0.347126    0.898810  1.437434               1.0  0.105636    3.703043       0.495796  0.522491   0.729952    0.726978
129            (x4)       (x14, x6)            0.406897            0.491954  0.347126    0.853107  1.734120               1.0  0.146952    3.458621       0.713769  0.629167   0.710867    0.779357
130           (x14)        (x4, x6)            0.570115            0.367816  0.347126    0.608871  1.655368               1.0  0.137429    1.616305       0.920955  0.587549   0.381305    0.776310
131       (x12, x4)           (x14)            0.324138            0.570115  0.312644    0.964539  1.691833               1.0  0.127848   12.122759       0.605042  0.537549   0.917511    0.756463
132      (x12, x14)            (x4)            0.363218            0.406897  0.312644    0.860759  2.115426               1.0  0.164851    4.259561       0.828042  0.683417   0.765234    0.814561
133       (x4, x14)           (x12)            0.386207            0.393103  0.312644    0.809524  2.059315               1.0  0.160824    3.186207       0.838070  0.669951   0.686147    0.802423
134           (x12)       (x4, x14)            0.393103            0.386207  0.312644    0.795322  2.059315               1.0  0.160824    2.998818       0.847594  0.669951   0.666535    0.802423
135            (x4)      (x12, x14)            0.406897            0.363218  0.312644    0.768362  2.115426               1.0  0.164851    2.749033       0.889022  0.683417   0.636236    0.814561
136       (x13, x4)           (x14)            0.333333            0.570115  0.319540    0.958621  1.681452               1.0  0.129502   10.388889       0.607914  0.547244   0.903743    0.759552
137      (x13, x14)            (x4)            0.406897            0.406897  0.319540    0.785311  1.930001               1.0  0.153975    2.762613       0.812448  0.646512   0.638024    0.785311
138       (x4, x14)           (x13)            0.386207            0.480460  0.319540    0.827381  1.722061               1.0  0.133983    3.009750       0.683130  0.584034   0.667747    0.746226
139           (x13)       (x4, x14)            0.480460            0.386207  0.319540    0.665072  1.722061               1.0  0.133983    1.832611       0.807061  0.584034   0.454330    0.746226
140            (x4)      (x13, x14)            0.406897            0.406897  0.319540    0.785311  1.930001               1.0  0.153975    2.762613       0.812448  0.646512   0.638024    0.785311
141       (x12, x5)            (x6)            0.342529            0.625287  0.324138    0.946309  1.513398               1.0  0.109959    6.979023       0.515970  0.503571   0.856713    0.732346
142       (x12, x6)            (x5)            0.365517            0.487356  0.324138    0.886792  1.819598               1.0  0.146001    4.528352       0.709914  0.613043   0.779169    0.775943
143        (x5, x6)           (x12)            0.452874            0.393103  0.324138    0.715736  1.820732               1.0  0.146112    2.134975       0.823887  0.621145   0.531611    0.770149
144           (x12)        (x5, x6)            0.393103            0.452874  0.324138    0.824561  1.820732               1.0  0.146112    3.118621       0.742747  0.621145   0.679345    0.770149
145            (x5)       (x12, x6)            0.487356            0.365517  0.324138    0.665094  1.819598               1.0  0.146001    1.894512       0.878638  0.613043   0.472160    0.775943
146       (x13, x5)            (x6)            0.390805            0.625287  0.367816    0.941176  1.505190               1.0  0.123451    6.370115       0.550943  0.567376   0.843017    0.764706
147       (x13, x6)            (x5)            0.427586            0.487356  0.367816    0.860215  1.765064               1.0  0.159429    3.667374       0.757229  0.672269   0.727325    0.807466
148        (x5, x6)           (x13)            0.452874            0.480460  0.367816    0.812183  1.690428               1.0  0.150229    2.766201       0.746507  0.650407   0.638493    0.788866
149           (x13)        (x5, x6)            0.480460            0.452874  0.367816    0.765550  1.690428               1.0  0.150229    2.333662       0.786145  0.650407   0.571489    0.788866
150            (x5)       (x13, x6)            0.487356            0.427586  0.367816    0.754717  1.765064               1.0  0.159429    2.333687       0.845516  0.672269   0.571494    0.807466
151        (x5, x6)           (x14)            0.452874            0.570115  0.413793    0.913706  1.602669               1.0  0.155603    4.981609       0.687302  0.679245   0.799262    0.819756
152       (x14, x6)            (x5)            0.491954            0.487356  0.413793    0.841121  1.725886               1.0  0.174036    3.226640       0.827853  0.731707   0.690080    0.845089
153       (x5, x14)            (x6)            0.445977            0.625287  0.413793    0.927835  1.483854               1.0  0.134929    5.192447       0.588566  0.629371   0.807413    0.794800
154            (x6)       (x5, x14)            0.625287            0.445977  0.413793    0.661765  1.483854               1.0  0.134929    1.637981       0.870211  0.629371   0.389492    0.794800
155            (x5)       (x14, x6)            0.487356            0.491954  0.413793    0.849057  1.725886               1.0  0.174036    3.365805       0.820429  0.731707   0.702894    0.845089
156           (x14)        (x5, x6)            0.570115            0.452874  0.413793    0.725806  1.602669               1.0  0.155603    1.995402       0.874747  0.679245   0.498848    0.819756
157      (x12, x13)            (x5)            0.319540            0.487356  0.301149    0.942446  1.933793               1.0  0.145419    8.907184       0.709640  0.595455   0.887731    0.780185
158       (x12, x5)           (x13)            0.342529            0.480460  0.301149    0.879195  1.829903               1.0  0.136578    4.300639       0.689799  0.577093   0.767476    0.752994
159       (x13, x5)           (x12)            0.390805            0.393103  0.301149    0.770588  1.960268               1.0  0.147523    2.645447       0.804119  0.623810   0.621992    0.768335
160           (x12)       (x13, x5)            0.393103            0.390805  0.301149    0.766082  1.960268               1.0  0.147523    2.604310       0.807165  0.623810   0.616021    0.768335
161           (x13)       (x12, x5)            0.480460            0.342529  0.301149    0.626794  1.829903               1.0  0.136578    1.761686       0.872931  0.577093   0.432362    0.752994
162            (x5)      (x12, x13)            0.487356            0.319540  0.301149    0.617925  1.933793               1.0  0.145419    1.780956       0.941944  0.595455   0.438504    0.780185
163       (x12, x5)           (x14)            0.342529            0.570115  0.331034    0.966443  1.695172               1.0  0.135754   12.810575       0.623737  0.569170   0.921939    0.773544
164      (x12, x14)            (x5)            0.363218            0.487356  0.331034    0.911392  1.870074               1.0  0.154018    5.785550       0.730646  0.637168   0.827156    0.795319
165       (x5, x14)           (x12)            0.445977            0.393103  0.331034    0.742268  1.888226               1.0  0.155719    2.354759       0.849066  0.651584   0.575328    0.792187
166           (x12)       (x5, x14)            0.393103            0.445977  0.331034    0.842105  1.888226               1.0  0.155719    3.508812       0.775095  0.651584   0.715003    0.792187
167            (x5)      (x12, x14)            0.487356            0.363218  0.331034    0.679245  1.870074               1.0  0.154018    1.985260       0.907573  0.637168   0.496288    0.795319
168       (x13, x5)           (x14)            0.390805            0.570115  0.372414    0.952941  1.671490               1.0  0.149610    9.135057       0.659446  0.632812   0.890532    0.803083
169      (x13, x14)            (x5)            0.406897            0.487356  0.372414    0.915254  1.877998               1.0  0.174110    6.049195       0.788257  0.713656   0.834689    0.839703
170       (x5, x14)           (x13)            0.445977            0.480460  0.372414    0.835052  1.738026               1.0  0.158140    3.149713       0.766457  0.672199   0.682511    0.805086
171           (x13)       (x5, x14)            0.480460            0.445977  0.372414    0.775120  1.738026               1.0  0.158140    2.463634       0.817328  0.672199   0.594096    0.805086
172            (x5)      (x13, x14)            0.487356            0.406897  0.372414    0.764151  1.877998               1.0  0.174110    2.514759       0.911975  0.713656   0.602348    0.839703
173           (x14)       (x13, x5)            0.570115            0.390805  0.372414    0.653226  1.671490               1.0  0.149610    1.756750       0.934508  0.632812   0.430767    0.803083
174      (x12, x13)            (x6)            0.319540            0.625287  0.303448    0.949640  1.518726               1.0  0.103644    7.440722       0.501945  0.473118   0.865604    0.717467
175       (x12, x6)           (x13)            0.365517            0.480460  0.303448    0.830189  1.727905               1.0  0.127832    3.059515       0.663949  0.559322   0.673151    0.730884
176       (x13, x6)           (x12)            0.427586            0.393103  0.303448    0.709677  1.805320               1.0  0.135363    2.090421       0.779299  0.586667   0.521628    0.740804
177           (x12)       (x13, x6)            0.393103            0.427586  0.303448    0.771930  1.805320               1.0  0.135363    2.509814       0.735021  0.586667   0.601564    0.740804
178           (x13)       (x12, x6)            0.480460            0.365517  0.303448    0.631579  1.727905               1.0  0.127832    1.722167       0.810841  0.559322   0.419336    0.730884
179       (x12, x6)           (x14)            0.365517            0.570115  0.340230    0.930818  1.632684               1.0  0.131843    6.213793       0.610752  0.571429   0.839068    0.763796
180      (x12, x14)            (x6)            0.363218            0.625287  0.340230    0.936709  1.498045               1.0  0.113114    5.920460       0.522100  0.524823   0.831094    0.740413
181       (x14, x6)           (x12)            0.491954            0.393103  0.340230    0.691589  1.759305               1.0  0.146841    1.967816       0.849517  0.624473   0.491822    0.778543
182           (x12)       (x14, x6)            0.393103            0.491954  0.340230    0.865497  1.759305               1.0  0.146841    3.777211       0.711149  0.624473   0.735254    0.778543
183       (x13, x6)           (x14)            0.427586            0.570115  0.381609    0.892473  1.565427               1.0  0.137836    3.997931       0.631006  0.619403   0.749871    0.780914
184       (x14, x6)           (x13)            0.491954            0.480460  0.381609    0.775701  1.614497               1.0  0.145245    2.316284       0.749169  0.645914   0.568274    0.784980
185      (x13, x14)            (x6)            0.406897            0.625287  0.381609    0.937853  1.499875               1.0  0.127182    6.029467       0.561922  0.586572   0.834148    0.774074
186            (x6)      (x13, x14)            0.625287            0.406897  0.381609    0.610294  1.499875               1.0  0.127182    1.521926       0.889423  0.586572   0.342938    0.774074
187           (x13)       (x14, x6)            0.480460            0.491954  0.381609    0.794258  1.614497               1.0  0.145245    2.469340       0.732594  0.645914   0.595033    0.784980
188           (x14)       (x13, x6)            0.570115            0.427586  0.381609    0.669355  1.565427               1.0  0.137836    1.731203       0.840216  0.619403   0.422367    0.780914
189        (x9, x7)            (x8)            0.418391            0.556322  0.397701    0.950549  1.708632               1.0  0.164941    8.972158       0.713085  0.689243   0.888544    0.832713
190        (x9, x8)            (x7)            0.441379            0.549425  0.397701    0.901042  1.639971               1.0  0.155196    4.553176       0.698566  0.670543   0.780373    0.812446
191        (x7, x8)            (x9)            0.482759            0.475862  0.397701    0.823810  1.731194               1.0  0.167975    2.974837       0.816570  0.709016   0.663847    0.829779
192            (x9)        (x7, x8)            0.475862            0.482759  0.397701    0.835749  1.731194               1.0  0.167975    3.149087       0.805826  0.709016   0.682448    0.829779
193            (x7)        (x9, x8)            0.549425            0.441379  0.397701    0.723849  1.639971               1.0  0.155196    2.022884       0.866079  0.670543   0.505656    0.812446
194            (x8)        (x9, x7)            0.556322            0.418391  0.397701    0.714876  1.708632               1.0  0.164941    2.039847       0.934769  0.689243   0.509767    0.832713
195       (x15, x7)            (x8)            0.333333            0.556322  0.310345    0.931034  1.673554               1.0  0.124904    6.433333       0.603704  0.535714   0.844560    0.744443
196       (x15, x8)            (x7)            0.347126            0.549425  0.310345    0.894040  1.627227               1.0  0.119625    4.252299       0.590402  0.529412   0.764833    0.729447
197        (x7, x8)           (x15)            0.482759            0.400000  0.310345    0.642857  1.607143               1.0  0.117241    1.680000       0.730370  0.542169   0.404762    0.709360
198           (x15)        (x7, x8)            0.400000            0.482759  0.310345    0.775862  1.607143               1.0  0.117241    2.307692       0.629630  0.542169   0.566667    0.709360
199       (x16, x7)            (x8)            0.395402            0.556322  0.337931    0.854651  1.536253               1.0  0.117960    3.052506       0.577352  0.550562   0.672400    0.731045
200       (x16, x8)            (x7)            0.386207            0.549425  0.337931    0.875000  1.592573               1.0  0.125739    3.604598       0.606207  0.565385   0.722577    0.745031
201        (x7, x8)           (x16)            0.482759            0.618391  0.337931    0.700000  1.131970               1.0  0.039398    1.272031       0.225397  0.442771   0.213855    0.623234
202            (x7)       (x16, x8)            0.549425            0.386207  0.337931    0.615063  1.592573               1.0  0.125739    1.594528       0.825802  0.565385   0.372855    0.745031
203            (x8)       (x16, x7)            0.556322            0.395402  0.337931    0.607438  1.536253               1.0  0.117960    1.540133       0.786754  0.550562   0.350705    0.731045
204       (x16, x9)            (x7)            0.340230            0.549425  0.303448    0.891892  1.623318               1.0  0.116517    4.167816       0.581987  0.517647   0.760066    0.722097
205       (x16, x7)            (x9)            0.395402            0.475862  0.303448    0.767442  1.612740               1.0  0.115291    2.253793       0.628413  0.534413   0.556304    0.702562
206        (x9, x7)           (x16)            0.418391            0.618391  0.303448    0.725275  1.172842               1.0  0.044719    1.389057       0.253384  0.413793   0.280087    0.607991
207            (x9)       (x16, x7)            0.475862            0.395402  0.303448    0.637681  1.612740               1.0  0.115291    1.668690       0.724880  0.534413   0.400727    0.702562
208       (x16, x9)            (x8)            0.340230            0.556322  0.314943    0.925676  1.663921               1.0  0.125665    5.969488       0.604771  0.541502   0.832481    0.745896
209       (x16, x8)            (x9)            0.386207            0.475862  0.314943    0.815476  1.713682               1.0  0.131161    2.840489       0.678504  0.575630   0.647948    0.738656
210        (x9, x8)           (x16)            0.441379            0.618391  0.314943    0.713542  1.153868               1.0  0.041998    1.332163       0.238713  0.422840   0.249341    0.611418
211            (x9)       (x16, x8)            0.475862            0.386207  0.314943    0.661836  1.713682               1.0  0.131161    1.815074       0.794564  0.575630   0.449058    0.738656
212      (x12, x13)           (x14)            0.319540            0.570115  0.305747    0.956835  1.678319               1.0  0.123572    9.959004       0.593960  0.523622   0.899588    0.746562
213      (x12, x14)           (x13)            0.363218            0.480460  0.305747    0.841772  1.752014               1.0  0.131235    3.283494       0.674059  0.568376   0.695446    0.739068
214      (x13, x14)           (x12)            0.406897            0.393103  0.305747    0.751412  1.911488               1.0  0.145795    2.441379       0.803987  0.618605   0.590395    0.764595
215           (x12)      (x13, x14)            0.393103            0.406897  0.305747    0.777778  1.911488               1.0  0.145795    2.668966       0.785714  0.618605   0.625323    0.764595
216           (x13)      (x12, x14)            0.480460            0.363218  0.305747    0.636364  1.752014               1.0  0.131235    1.751149       0.826169  0.568376   0.428947    0.739068
217    (x9, x7, x8)            (x3)            0.397701            0.581609  0.356322    0.895954  1.540474               1.0  0.125015    4.021201       0.582517  0.571956   0.751318    0.754301
218    (x3, x9, x8)            (x7)            0.393103            0.549425  0.356322    0.906433  1.649783               1.0  0.140341    4.815517       0.648974  0.607843   0.792338    0.777484
219    (x3, x7, x8)            (x9)            0.429885            0.475862  0.356322    0.828877  1.741843               1.0  0.151756    3.062931       0.747034  0.648536   0.673515    0.788835
220    (x9, x7, x3)            (x8)            0.370115            0.556322  0.356322    0.962733  1.730532               1.0  0.150419   11.905364       0.670191  0.625000   0.916004    0.801614
221        (x9, x8)        (x7, x3)            0.441379            0.462069  0.356322    0.807292  1.747124               1.0  0.152374    2.791426       0.765512  0.651261   0.641760    0.789218
222        (x7, x8)        (x9, x3)            0.482759            0.413793  0.356322    0.738095  1.783730               1.0  0.156560    2.238245       0.849462  0.659574   0.553221    0.799603
223        (x3, x8)        (x9, x7)            0.494253            0.418391  0.356322    0.720930  1.723102               1.0  0.149531    2.084100       0.829765  0.640496   0.520176    0.786289
224        (x9, x7)        (x3, x8)            0.418391            0.494253  0.356322    0.851648  1.723102               1.0  0.149531    3.409110       0.721535  0.640496   0.706668    0.786289
225        (x9, x3)        (x7, x8)            0.413793            0.482759  0.356322    0.861111  1.783730               1.0  0.156560    3.724138       0.749526  0.659574   0.731481    0.799603
226        (x7, x3)        (x9, x8)            0.462069            0.441379  0.356322    0.771144  1.747124               1.0  0.152374    2.440930       0.794955  0.651261   0.590320    0.789218
227            (x8)    (x9, x7, x3)            0.556322            0.370115  0.356322    0.640496  1.730532               1.0  0.150419    1.752094       0.951462  0.625000   0.429254    0.801614
228            (x9)    (x3, x7, x8)            0.475862            0.429885  0.356322    0.748792  1.741843               1.0  0.151756    2.269496       0.812564  0.648536   0.559374    0.788835
229            (x7)    (x3, x9, x8)            0.549425            0.393103  0.356322    0.648536  1.649783               1.0  0.140341    1.726765       0.874128  0.607843   0.420882    0.777484
230            (x3)    (x9, x7, x8)            0.581609            0.397701  0.356322    0.612648  1.540474               1.0  0.125015    1.554914       0.838568  0.571956   0.356878    0.754301
231   (x4, x13, x5)            (x6)            0.324138            0.625287  0.305747    0.943262  1.508526               1.0  0.103068    6.604310       0.498772  0.475000   0.848584    0.716116
232   (x13, x5, x6)            (x4)            0.367816            0.406897  0.305747    0.831250  2.042903               1.0  0.156084    3.514687       0.807519  0.651961   0.715480    0.791331
233    (x4, x5, x6)           (x13)            0.358621            0.480460  0.305747    0.852564  1.774476               1.0  0.133444    3.523838       0.680492  0.573276   0.716219    0.744464
234   (x13, x4, x6)            (x5)            0.312644            0.487356  0.305747    0.977941  2.006625               1.0  0.153378   23.239847       0.729826  0.618605   0.956970    0.802650
235       (x13, x5)        (x4, x6)            0.390805            0.367816  0.305747    0.782353  2.127022               1.0  0.162003    2.904629       0.869769  0.675127   0.655722    0.806801
236        (x4, x5)       (x13, x6)            0.386207            0.427586  0.305747    0.791667  1.851478               1.0  0.140610    2.747586       0.749261  0.601810   0.636044    0.753360
237        (x5, x6)       (x13, x4)            0.452874            0.333333  0.305747    0.675127  2.025381               1.0  0.154789    2.052083       0.925317  0.636364   0.512690    0.796184
238       (x13, x4)        (x5, x6)            0.333333            0.452874  0.305747    0.917241  2.025381               1.0  0.154789    6.611111       0.759398  0.636364   0.848739    0.796184
239       (x13, x6)        (x4, x5)            0.427586            0.386207  0.305747    0.715054  1.851478               1.0  0.140610    2.154066       0.803424  0.601810   0.535762    0.753360
240        (x4, x6)       (x13, x5)            0.367816            0.390805  0.305747    0.831250  2.127022               1.0  0.162003    3.610047       0.838141  0.675127   0.722995    0.806801
241            (x5)   (x13, x4, x6)            0.487356            0.312644  0.305747    0.627358  2.006625               1.0  0.153378    1.844551       0.978556  0.618605   0.457863    0.802650
242           (x13)    (x4, x5, x6)            0.480460            0.358621  0.305747    0.636364  1.774476               1.0  0.133444    1.763793       0.840076  0.573276   0.433040    0.744464
243            (x4)   (x13, x5, x6)            0.406897            0.367816  0.305747    0.751412  2.042903               1.0  0.156084    2.543103       0.860727  0.651961   0.606780    0.791331
244    (x4, x5, x6)           (x14)            0.358621            0.570115  0.340230    0.948718  1.664082               1.0  0.135775    8.382759       0.622203  0.578125   0.880708    0.772746
245   (x14, x5, x6)            (x4)            0.413793            0.406897  0.340230    0.822222  2.020716               1.0  0.171859    3.336207       0.861685  0.708134   0.700258    0.829190
246   (x4, x5, x14)            (x6)            0.367816            0.625287  0.340230    0.925000  1.479320               1.0  0.110239    4.996169       0.512531  0.521127   0.799847    0.734559
247   (x14, x4, x6)            (x5)            0.347126            0.487356  0.340230    0.980132  2.011121               1.0  0.171056   25.803065       0.770080  0.688372   0.961245    0.839123
248        (x5, x6)       (x4, x14)            0.452874            0.386207  0.340230    0.751269  1.945250               1.0  0.165327    2.467699       0.888144  0.682028   0.594764    0.816111
249        (x4, x5)       (x14, x6)            0.386207            0.491954  0.340230    0.880952  1.790721               1.0  0.150234    4.267586       0.719405  0.632479   0.765676    0.786271
250       (x5, x14)        (x4, x6)            0.445977            0.367816  0.340230    0.762887  2.074098               1.0  0.176192    2.666167       0.934731  0.718447   0.624930    0.843943
251        (x4, x6)       (x5, x14)            0.367816            0.445977  0.340230    0.925000  2.074098               1.0  0.176192    7.386973       0.819165  0.718447   0.864627    0.843943
252       (x14, x6)        (x4, x5)            0.491954            0.386207  0.340230    0.691589  1.790721               1.0  0.150234    1.990178       0.869145  0.632479   0.497532    0.786271
253       (x4, x14)        (x5, x6)            0.386207            0.452874  0.340230    0.880952  1.945250               1.0  0.165327    4.595862       0.791679  0.682028   0.782413    0.816111
254            (x5)   (x14, x4, x6)            0.487356            0.347126  0.340230    0.698113  2.011121               1.0  0.171056    2.162644       0.980730  0.688372   0.537603    0.839123
255            (x4)   (x14, x5, x6)            0.406897            0.413793  0.340230    0.836158  2.020716               1.0  0.171859    3.577883       0.851666  0.708134   0.720505    0.829190
256   (x12, x4, x5)           (x14)            0.317241            0.570115  0.305747    0.963768  1.690480               1.0  0.124883   11.864828       0.598238  0.525692   0.915717    0.750029
257  (x12, x5, x14)            (x4)            0.331034            0.406897  0.305747    0.923611  2.269892               1.0  0.171050    7.764263       0.836292  0.707447   0.871205    0.837512
258   (x4, x5, x14)           (x12)            0.367816            0.393103  0.305747    0.831250  2.114583               1.0  0.161157    3.596424       0.833766  0.671717   0.721946    0.804514
259  (x12, x4, x14)            (x5)            0.312644            0.487356  0.305747    0.977941  2.006625               1.0  0.153378   23.239847       0.729826  0.618605   0.956970    0.802650
260       (x12, x5)       (x4, x14)            0.342529            0.386207  0.305747    0.892617  2.311242               1.0  0.173460    5.715948       0.862900  0.722826   0.825051    0.842142
261        (x4, x5)      (x12, x14)            0.386207            0.363218  0.305747    0.791667  2.179589               1.0  0.165470    3.056552       0.881727  0.689119   0.672834    0.816719
262       (x5, x14)       (x12, x4)            0.445977            0.324138  0.305747    0.685567  2.115047               1.0  0.161189    2.149463       0.951580  0.658416   0.534768    0.814415
263       (x12, x4)       (x5, x14)            0.324138            0.445977  0.305747    0.943262  2.115047               1.0  0.161189    9.764655       0.780037  0.658416   0.897590    0.814415
264      (x12, x14)        (x4, x5)            0.363218            0.386207  0.305747    0.841772  2.179589               1.0  0.165470    3.879172       0.849895  0.689119   0.742213    0.816719
265       (x4, x14)       (x12, x5)            0.386207            0.342529  0.305747    0.791667  2.311242               1.0  0.173460    3.155862       0.924305  0.722826   0.683129    0.842142
266            (x5)  (x12, x4, x14)            0.487356            0.312644  0.305747    0.627358  2.006625               1.0  0.153378    1.844551       0.978556  0.618605   0.457863    0.802650
267           (x12)   (x4, x5, x14)            0.393103            0.367816  0.305747    0.777778  2.114583               1.0  0.161157    2.844828       0.868506  0.671717   0.648485    0.804514
268            (x4)  (x12, x5, x14)            0.406897            0.331034  0.305747    0.751412  2.269892               1.0  0.171050    2.691066       0.943259  0.707447   0.628400    0.837512
269   (x4, x13, x5)           (x14)            0.324138            0.570115  0.312644    0.964539  1.691833               1.0  0.127848   12.122759       0.605042  0.537549   0.917511    0.756463
270  (x13, x5, x14)            (x4)            0.372414            0.406897  0.312644    0.839506  2.063193               1.0  0.161110    3.695491       0.821105  0.669951   0.729400    0.803934
271   (x4, x5, x14)           (x13)            0.367816            0.480460  0.312644    0.850000  1.769139               1.0  0.135923    3.463602       0.687701  0.583691   0.711283    0.750359
272  (x13, x4, x14)            (x5)            0.319540            0.487356  0.312644    0.978417  2.007601               1.0  0.156914   23.752490       0.737579  0.632558   0.957899    0.809963
273       (x13, x5)       (x4, x14)            0.390805            0.386207  0.312644    0.800000  2.071429               1.0  0.161712    3.068966       0.849057  0.673267   0.674157    0.804762
274        (x4, x5)      (x13, x14)            0.386207            0.406897  0.312644    0.809524  1.989508               1.0  0.155497    3.113793       0.810311  0.650718   0.678848    0.788943
275       (x5, x14)       (x13, x4)            0.445977            0.333333  0.312644    0.701031  2.103093               1.0  0.163985    2.229885       0.946729  0.669951   0.551546    0.819481
276       (x13, x4)       (x5, x14)            0.333333            0.445977  0.312644    0.937931  2.103093               1.0  0.163985    8.925926       0.786765  0.669951   0.887967    0.819481
277      (x13, x14)        (x4, x5)            0.406897            0.386207  0.312644    0.768362  1.989508               1.0  0.155497    2.649790       0.838577  0.650718   0.622612    0.788943
278       (x4, x14)       (x13, x5)            0.386207            0.390805  0.312644    0.809524  2.071429               1.0  0.161712    3.198276       0.842697  0.673267   0.687332    0.804762
279            (x5)  (x13, x4, x14)            0.487356            0.319540  0.312644    0.641509  2.007601               1.0  0.156914    1.898125       0.979029  0.632558   0.473164    0.809963
280           (x13)   (x4, x5, x14)            0.480460            0.367816  0.312644    0.650718  1.769139               1.0  0.135923    1.809951       0.836804  0.583691   0.447499    0.750359
281            (x4)  (x13, x5, x14)            0.406897            0.372414  0.312644    0.768362  2.063193               1.0  0.161110    2.709336       0.868844  0.669951   0.630906    0.803934
282   (x12, x5, x6)           (x14)            0.324138            0.570115  0.312644    0.964539  1.691833               1.0  0.127848   12.122759       0.605042  0.537549   0.917511    0.756463
283  (x12, x14, x6)            (x5)            0.340230            0.487356  0.312644    0.918919  1.885518               1.0  0.146830    6.322605       0.711826  0.607143   0.841837    0.780214
284  (x12, x5, x14)            (x6)            0.331034            0.625287  0.312644    0.944444  1.510417               1.0  0.105652    6.744828       0.505155  0.485714   0.851738    0.722222
285   (x14, x5, x6)           (x12)            0.413793            0.393103  0.312644    0.755556  1.922027               1.0  0.149980    2.482759       0.818339  0.632558   0.597222    0.775439
286       (x12, x6)       (x5, x14)            0.365517            0.445977  0.312644    0.855346  1.917915               1.0  0.149631    3.829985       0.754316  0.626728   0.738902    0.778188
287       (x12, x5)       (x14, x6)            0.342529            0.491954  0.312644    0.912752  1.855360               1.0  0.144135    5.822989       0.701203  0.599119   0.828267    0.774133
288      (x12, x14)        (x5, x6)            0.363218            0.452874  0.312644    0.860759  1.900662               1.0  0.148152    3.929363       0.744160  0.621005   0.745506    0.775557
289        (x5, x6)      (x12, x14)            0.452874            0.363218  0.312644    0.690355  1.900662               1.0  0.148152    2.056491       0.866102  0.621005   0.513735    0.775557
290       (x14, x6)       (x12, x5)            0.491954            0.342529  0.312644    0.635514  1.855360               1.0  0.144135    1.803831       0.907439  0.599119   0.445624    0.774133
291       (x5, x14)       (x12, x6)            0.445977            0.365517  0.312644    0.701031  1.917915               1.0  0.149631    2.122235       0.863864  0.626728   0.528799    0.778188
292           (x12)   (x14, x5, x6)            0.393103            0.413793  0.312644    0.795322  1.922027               1.0  0.149980    2.864039       0.790441  0.632558   0.650843    0.775439
293            (x5)  (x12, x14, x6)            0.487356            0.340230  0.312644    0.641509  1.885518               1.0  0.146830    1.840411       0.916117  0.607143   0.456643    0.780214
294   (x13, x5, x6)           (x14)            0.367816            0.570115  0.351724    0.956250  1.677293               1.0  0.142027    9.825944       0.638740  0.600000   0.898229    0.786593
295  (x14, x13, x6)            (x5)            0.381609            0.487356  0.351724    0.921687  1.891197               1.0  0.165744    6.546065       0.762033  0.680000   0.847236    0.821692
296   (x14, x5, x6)           (x13)            0.413793            0.480460  0.351724    0.850000  1.769139               1.0  0.152913    3.463602       0.741638  0.648305   0.711283    0.791029
297  (x13, x5, x14)            (x6)            0.372414            0.625287  0.351724    0.944444  1.510417               1.0  0.118859    6.744828       0.538462  0.544484   0.851738    0.753472
298       (x13, x6)       (x5, x14)            0.427586            0.445977  0.351724    0.822581  1.844446               1.0  0.161031    3.122675       0.799827  0.674009   0.679762    0.805620
299        (x5, x6)      (x13, x14)            0.452874            0.406897  0.351724    0.776650  1.908715               1.0  0.167451    2.655486       0.870160  0.692308   0.623421    0.820528
300       (x14, x6)       (x13, x5)            0.491954            0.390805  0.351724    0.714953  1.829439               1.0  0.159466    2.137177       0.892408  0.662338   0.532093    0.807477
301       (x13, x5)       (x14, x6)            0.390805            0.491954  0.351724    0.900000  1.829439               1.0  0.159466    5.080460       0.744235  0.662338   0.803167    0.807477
302      (x13, x14)        (x5, x6)            0.406897            0.452874  0.351724    0.864407  1.908715               1.0  0.167451    4.035057       0.802706  0.692308   0.752172    0.820528
303       (x5, x14)       (x13, x6)            0.445977            0.427586  0.351724    0.788660  1.844446               1.0  0.161031    2.708495       0.826377  0.674009   0.630791    0.805620
304           (x13)   (x14, x5, x6)            0.480460            0.413793  0.351724    0.732057  1.769139               1.0  0.152913    2.187808       0.836804  0.648305   0.542921    0.791029
305            (x5)  (x14, x13, x6)            0.487356            0.381609  0.351724    0.721698  1.891197               1.0  0.165744    2.222014       0.919224  0.680000   0.549958    0.821692
306           (x14)   (x13, x5, x6)            0.570115            0.367816  0.351724    0.616935  1.677293               1.0  0.142027    1.650333       0.939324  0.600000   0.394062    0.786593